4748	1616	61
0.0	1.0009654760360718	0.6941062808036804	0.02541489154100418	0.24645620584487915	0.5	1	0.5	0	0.0	0	0.9999970197677612	0.0006485186167992651	-0.0023555655498057604	-0.0023966997396200895	0.07316100597381592	-0.9973173141479492	-0.0004744432517327368	0.9973198771476746	0.07316233962774277
-0.003508848138153553	1.5936113595962524	-0.6323248744010925	0.16932989656925201	0.29849398136138916	1.0	1	0.0	0	0.0	0	0.9999970197677612	0.0006485186167992651	-0.0023555655498057604	-0.002396699506789446	0.07316099852323532	-0.9973172545433044	-0.0004744432517327368	0.9973199367523193	0.07316233962774277
0.0	1.6406067609786987	0.8702080845832825	0.011844098567962646	0.3150103986263275	1.0	1	0.0	0	0.0	0	0.9999970197677612	0.0006485186167992651	-0.0023555655498057604	-0.0023966997396200895	0.07316100597381592	-0.9973173141479492	-0.0004744432517327368	0.9973198771476746	0.07316233962774277
0.673077404499054	0.06751607358455658	-0.09752057492733002	0.25500255823135376	0.6019840836524963	0.5	57	0.5	0	0.0	0	-0.5430497527122498	0.03776249289512634	0.8388510346412659	0.8396003246307373	0.03984789177775383	0.5417410135269165	-0.01296895369887352	0.9984918832778931	-0.053344786167144775
0.0	0.9896685481071472	-0.5747653841972351	0.17211180925369263	0.7025752067565918	0.5	1	0.5	0	0.0	0	-0.5430497527122498	0.03776249289512634	0.8388510346412659	0.8396003246307373	0.03984789177775383	0.5417410135269165	-0.01296895369887352	0.9984918832778931	-0.053344786167144775
0.0	0.008204832673072815	-0.5305829048156738	0.17051343619823456	0.599098801612854	0.3333333333333333	57	0.3333333333333333	53	0.3333333333333333	0	-0.5430497527122498	0.03776249289512634	0.8388510346412659	0.8396004438400269	0.03984789550304413	0.5417410731315613	-0.01296895369887352	0.9984919428825378	-0.053344789892435074
0.0	0.9896685481071472	-0.5747653841972351	0.15862815082073212	0.23548980057239532	0.5	1	0.5	0	0.0	0	1.0	0.0	0.0	0.0	0.07316859811544418	-0.9973196387290955	0.0	0.9973196387290955	0.07316859811544418
0.0	-0.008363664150238037	0.5433235764503479	0.03347601369023323	0.13925977051258087	0.3333333333333333	57	0.3333333333333333	53	0.3333333333333333	0	1.0	0.0	0.0	0.0	0.07316860556602478	-0.9973196387290955	0.0	0.9973196387290955	0.07316860556602478
0.0	0.008204832673072815	-0.5305829048156738	0.1464221328496933	0.13272340595722198	0.3333333333333333	57	0.3333333333333333	53	0.3333333333333333	0	1.0	0.0	0.0	0.0	0.07316857576370239	-0.9973195791244507	0.0	0.9973195791244507	0.07316857576370239
0.0	-0.008363664150238037	0.5433235764503479	0.5584150552749634	0.23305287957191467	0.3333333333333333	57	0.3333333333333333	53	0.3333333333333333	0	-0.4187276363372803	-0.16391810774803162	-0.893195390701294	0.28556644916534424	-0.9574453234672546	0.04183638468384743	-0.8620434999465942	-0.2375485897064209	0.4477183520793915
0.7176735401153564	-0.7731035947799683	0.34722423553466797	0.6562660932540894	0.17777222394943237	0.5	58	0.5	57	0.0	0	-0.4187276363372803	-0.16391810774803162	-0.893195390701294	0.28556644916534424	-0.9574453234672546	0.04183638468384743	-0.8620434999465942	-0.2375485897064209	0.4477183520793915
0.0	-1.2268965244293213	0.7669472098350525	0.682294487953186	0.2740900218486786	0.3333333333333333	58	0.3333333333333333	57	0.3333333333333333	54	-0.4187276363372803	-0.16391810774803162	-0.893195390701294	0.28556644916534424	-0.9574453830718994	0.041836392134428024	-0.862043559551239	-0.2375485748052597	0.4477183520793915
0.7904908657073975	1.0206581354141235	0.2748454809188843	0.7671900391578674	0.6094157695770264	0.5	1	0.5	0	0.0	0	-0.9805983304977417	0.1632128208875656	-0.1085747629404068	-0.13283902406692505	-0.1459595412015915	0.9803313612937927	0.1441551297903061	0.9757342338562012	0.1648087203502655
0.673077404499054	0.06751607358455658	-0.09752057492733002	0.7450352311134338	0.5032040476799011	0.5	57	0.5	0	0.0	0	-0.9805983304977417	0.1632128208875656	-0.1085747629404068	-0.13283903896808624	-0.14595955610275269	0.9803314208984375	0.14415514469146729	0.975734293460846	0.1648087352514267
0.6391911506652832	0.011329025030136108	0.12406271696090698	0.7692550420761108	0.5007613301277161	0.5	57	0.5	0	0.0	0	-0.9805983304977417	0.1632128208875656	-0.1085747629404068	-0.13283902406692505	-0.1459595412015915	0.9803313612937927	0.14415514469146729	0.9757343530654907	0.1648087203502655
0.0	1.0009654760360718	0.6941062808036804	0.6914258003234863	0.6423124074935913	0.5	1	0.5	0	0.0	0	-0.5469156503677368	0.12369406223297119	-0.8279995322227478	-0.8371495604515076	-0.07135657221078873	0.5422996282577515	0.007996038533747196	0.9897515773773193	0.1425764560699463
0.6391911506652832	0.011329025030136108	0.12406271696090698	0.6099357604980469	0.5311129689216614	0.5	57	0.5	0	0.0	0	-0.5469156503677368	0.12369406223297119	-0.8279995322227478	-0.8371496200561523	-0.07135657221078873	0.5422996282577515	0.00799603946506977	0.9897515773773193	0.1425764560699463
0.0	-0.008363664150238037	0.5433235764503479	0.6903991103172302	0.534818172454834	0.3333333333333333	57	0.3333333333333333	53	0.3333333333333333	0	-0.5469156503677368	0.12369406223297119	-0.8279995322227478	-0.8371495604515076	-0.07135657966136932	0.5422996282577515	0.007996034808456898	0.9897515773773193	0.1425764560699463
0.7176735997200012	-0.7731035351753235	-0.4195300340652466	0.3826759159564972	0.5015884041786194	0.5	58	0.5	57	0.0	0	-0.9965230226516724	-0.0833183005452156	-9.093568564821908e-08	-0.08314751833677292	0.9944804906845093	-0.06399349868297577	0.005331919062882662	-0.06377097964286804	-0.9979503154754639
0.8423165678977966	-2.263888359069824	0.39457395672798157	0.22976838052272797	0.42038753628730774	1.0	58	0.0	0	0.0	0	-0.9965230226516724	-0.0833183005452156	-9.093568564821908e-08	-0.08314751833677292	0.9944804310798645	-0.06399350613355637	0.0053319199942052364	-0.06377098709344864	-0.9979502558708191
0.7176735401153564	-0.7731035947799683	0.34722423553466797	0.38160470128059387	0.4148947596549988	0.5	58	0.5	57	0.0	0	-0.9965230226516724	-0.0833183005452156	-9.093568564821908e-08	-0.08314751833677292	0.9944804310798645	-0.06399349868297577	0.005331919528543949	-0.06377097964286804	-0.9979502558708191
0.0	-1.2268964052200317	-0.8392531275749207	0.0005917949602007866	0.892143964767456	0.3333333333333333	58	0.3333333333333333	54	0.3333333333333333	53	0.9962892532348633	0.08274543285369873	0.023683862760663033	0.08275935798883438	-0.9965694546699524	0.00039334804750978947	0.02363516204059124	0.001568172825500369	-0.9997194409370422
0.056850820779800415	-2.371229648590088	0.7672622203826904	0.12128060311079025	0.7229191064834595	1.0	58	0.0	0	0.0	0	0.9962892532348633	0.08274543285369873	0.023683862760663033	0.08275935798883438	-0.9965694546699524	0.0003933482803404331	0.02363516204059124	0.0015681725926697254	-0.9997194409370422
0.10099807381629944	-2.459350347518921	-0.7819719314575195	0.13085174560546875	0.8861597180366516	1.0	58	0.0	0	0.0	0	0.9962892532348633	0.08274543285369873	0.023683862760663033	0.08275935798883438	-0.9965695142745972	0.00039334793109446764	0.02363516017794609	0.0015681727090850472	-0.9997193813323975
0.0	0.008204832673072815	-0.5305829048156738	0.5562772750854492	0.046452656388282776	0.3333333333333333	57	0.3333333333333333	53	0.3333333333333333	0	-0.4888802170753479	-0.3345499336719513	0.8056503534317017	0.35103511810302734	-0.9209115505218506	-0.16939949989318848	0.7986053824424744	0.1999955177307129	0.5676542520523071
0.7176735997200012	-0.7731035351753235	-0.4195300340652466	0.6566243171691895	0.09700573235750198	0.5	58	0.5	57	0.0	0	-0.4888802170753479	-0.3345499336719513	0.8056503534317017	0.3510351777076721	-0.9209116101264954	-0.16939949989318848	0.7986053228378296	0.19999554753303528	0.5676542520523071
0.673077404499054	0.06751607358455658	-0.09752057492733002	0.5676844716072083	0.13021788001060486	0.5	57	0.5	0	0.0	0	-0.4888802170753479	-0.3345499336719513	0.8056503534317017	0.35103514790534973	-0.9209116697311401	-0.16939951479434967	0.7986053824424744	0.1999955177307129	0.5676542520523071
0.6391911506652832	0.011329025030136108	0.12406271696090698	0.5733291506767273	0.15389703214168549	0.5	57	0.5	0	0.0	0	-0.9950323104858398	-0.09955288469791412	-8.508899895787181e-08	0.09955190122127533	-0.9950225353240967	-0.004435691051185131	0.0004415011208038777	-0.004413663875311613	0.9999901652336121
0.7176735997200012	-0.7731035351753235	-0.4195300340652466	0.6566243171691895	0.09700573235750198	0.5	58	0.5	57	0.0	0	-0.9950323104858398	-0.09955288469791412	-8.508899895787181e-08	0.09955190122127533	-0.9950224757194519	-0.004435691051185131	0.0004415011790115386	-0.0044136643409729	0.9999902248382568
0.7176735401153564	-0.7731035947799683	0.34722423553466797	0.6562660932540894	0.17777222394943237	0.5	58	0.5	57	0.0	0	-0.9950323104858398	-0.09955288469791412	-8.508899895787181e-08	0.09955190122127533	-0.9950225353240967	-0.004435691516846418	0.00044150114990770817	-0.0044136643409729	0.9999901652336121
0.0	0.008204832673072815	-0.5305829048156738	0.1464221328496933	0.13272340595722198	0.3333333333333333	57	0.3333333333333333	53	0.3333333333333333	0	1.0	0.0	0.0	0.0	0.07316868752241135	-0.9973195791244507	0.0	0.9973195791244507	0.07316868752241135
0.0	-1.2268965244293213	0.7669472098350525	0.0005917710368521512	0.012971288524568081	0.3333333333333333	58	0.3333333333333333	57	0.3333333333333333	54	1.0	0.0	0.0	0.0	0.07316868007183075	-0.9973195791244507	0.0	0.9973195791244507	0.07316868007183075
0.0	-1.2268964052200317	-0.8392531275749207	0.16932989656925201	0.0005917767994105816	0.3333333333333333	58	0.3333333333333333	54	0.3333333333333333	53	1.0	0.0	0.0	0.0	0.07316869497299194	-0.9973195791244507	0.0	0.9973195791244507	0.07316869497299194
0.0	-1.2268965244293213	0.7669472098350525	0.3301587402820587	0.31930994987487793	0.3333333333333333	58	0.3333333333333333	57	0.3333333333333333	54	-0.4261844754219055	-0.021421952173113823	-0.9043825268745422	0.06043398007750511	0.996812105178833	-0.052090439945459366	0.9026153087615967	-0.07685557752847672	-0.4235312342643738
0.8423165678977966	-2.263888359069824	0.39457395672798157	0.22976838052272797	0.42038753628730774	1.0	58	0.0	0	0.0	0	-0.4261844754219055	-0.021421952173113823	-0.9043825268745422	0.060433968901634216	0.9968120455741882	-0.05209042876958847	0.9026153683662415	-0.07685557007789612	-0.42353126406669617
0.056850820779800415	-2.371229648590088	0.7672622203826904	0.2019100785255432	0.3334052562713623	1.0	58	0.0	0	0.0	0	-0.4261844754219055	-0.021421952173113823	-0.9043825268745422	0.06043397635221481	0.9968121647834778	-0.052090439945459366	0.9026153683662415	-0.07685557007789612	-0.42353126406669617
0.056850820779800415	-2.371229648590088	0.7672622203826904	0.12128060311079025	0.7229191064834595	1.0	58	0.0	0	0.0	0	0.9764156341552734	0.21533679962158203	0.015575720928609371	0.2153158187866211	-0.9765397906303406	0.0030316500924527645	0.01586313545703888	0.00039354845648631454	-0.9998740553855896
0.14310362935066223	-2.6610889434814453	-0.6324301958084106	0.15260638296604156	0.8704714775085449	0.5	59	0.5	58	0.0	0	0.9764156341552734	0.21533679962158203	0.015575720928609371	0.2153158187866211	-0.9765397906303406	0.003031650325283408	0.01586313731968403	0.0003935483400709927	-0.9998741745948792
0.10099807381629944	-2.459350347518921	-0.7819719314575195	0.13085174560546875	0.8861597180366516	1.0	58	0.0	0	0.0	0	0.9764156341552734	0.21533679962158203	0.015575720928609371	0.2153158187866211	-0.9765397906303406	0.0030316500924527645	0.01586313545703888	0.00039354845648631454	-0.9998740553855896
0.0	-1.2268964052200317	-0.8392531275749207	0.3283742070198059	0.5979152321815491	0.3333333333333333	58	0.3333333333333333	54	0.3333333333333333	53	-0.49302583932876587	-0.024652311578392982	0.8696654438972473	-0.04534085467457771	0.9989681839942932	0.0026132601778954268	-0.8688324093818665	-0.038142964243888855	-0.49363481998443604
0.8643851280212402	-2.307938575744629	-0.37986496090888977	0.22468088567256927	0.49153533577919006	1.0	58	0.0	0	0.0	0	-0.49302583932876587	-0.024652311578392982	0.8696654438972473	-0.04534085839986801	0.998968243598938	0.0026132571510970592	-0.8688324689865112	-0.03814297169446945	-0.4936348497867584
0.7176735997200012	-0.7731035351753235	-0.4195300340652466	0.3826759159564972	0.5015884041786194	0.5	58	0.5	57	0.0	0	-0.49302583932876587	-0.024652311578392982	0.8696654438972473	-0.04534085467457771	0.9989681839942932	0.0026132601778954268	-0.8688324093818665	-0.038142964243888855	-0.49363481998443604
0.14310362935066223	-2.6610889434814453	-0.6324301958084106	0.5550937652587891	0.19111189246177673	0.5	59	0.5	58	0.0	0	0.9942026734352112	0.10752227902412415	-5.190605634197709e-08	-0.10258370637893677	0.9485381245613098	-0.29958656430244446	-0.03221218287944794	0.29784977436065674	0.9540691375732422
0.3172107934951782	-4.27096700668335	0.28541484475135803	0.3633953928947449	0.23225398361682892	0.5	60	0.5	59	0.0	0	0.9942026734352112	0.10752227902412415	-5.190605634197709e-08	-0.10258370637893677	0.9485381245613098	-0.29958656430244446	-0.03221218287944794	0.29784977436065674	0.9540691375732422
0.31721076369285583	-4.27096700668335	-0.2854154407978058	0.38140931725502014	0.17488646507263184	0.5	60	0.5	59	0.0	0	0.9942026734352112	0.10752227902412415	-5.190605634197709e-08	-0.10258369892835617	0.948538064956665	-0.29958653450012207	-0.03221218287944794	0.29784977436065674	0.954069197177887
0.8643851280212402	-2.307938575744629	-0.37986496090888977	0.22468088567256927	0.49153533577919006	1.0	58	0.0	0	0.0	0	-0.9058684706687927	0.4206284284591675	-0.04973921924829483	0.41237199306488037	0.9026515483856201	0.12316450476646423	0.09670369327068329	0.09105978906154633	-0.9911390542984009
0.6567041873931885	-2.6728479862213135	0.31657442450523376	0.18259382247924805	0.42244282364845276	0.5	59	0.5	58	0.0	0	-0.9058684706687927	0.4206284284591675	-0.04973921924829483	0.41237199306488037	0.9026515483856201	0.12316450476646423	0.09670369327068329	0.09105978906154633	-0.9911390542984009
0.8423165678977966	-2.263888359069824	0.39457395672798157	0.22976838052272797	0.42038753628730774	1.0	58	0.0	0	0.0	0	-0.9058684706687927	0.4206284284591675	-0.04973921924829483	0.41237205266952515	0.9026516079902649	0.12316451966762543	0.09670368582010269	0.09105978906154633	-0.9911390542984009
0.8423165678977966	-2.263888359069824	0.39457395672798157	0.22976838052272797	0.42038753628730774	1.0	58	0.0	0	0.0	0	-0.4425356686115265	0.2771137058734894	-0.8528599143028259	0.3451264500617981	0.9304301738739014	0.12323733419179916	0.8276773691177368	-0.239807590842247	-0.5073878169059753
0.13972407579421997	-2.6591756343841553	0.6307003498077393	0.17051346600055695	0.3555321991443634	0.5	59	0.5	58	0.0	0	-0.4425356686115265	0.2771137058734894	-0.8528599143028259	0.3451264798641205	0.9304302334785461	0.12323734909296036	0.8276774287223816	-0.2398076206445694	-0.5073878169059753
0.056850820779800415	-2.371229648590088	0.7672622203826904	0.2019100785255432	0.3334052562713623	1.0	58	0.0	0	0.0	0	-0.4425356686115265	0.2771137058734894	-0.8528599143028259	0.3451264202594757	0.9304301738739014	0.12323733419179916	0.8276773691177368	-0.239807590842247	-0.5073878169059753
0.10099807381629944	-2.459350347518921	-0.7819719314575195	0.19190223515033722	0.5725327134132385	1.0	58	0.0	0	0.0	0	-0.48732396960258484	0.41126978397369385	0.7703067660331726	0.4952327609062195	0.8567250967025757	-0.1441066712141037	-0.719207763671875	0.3112545311450958	-0.6211768984794617
0.6583935022354126	-2.67380428314209	-0.31484559178352356	0.18344680964946747	0.4908764064311981	0.5	59	0.5	58	0.0	0	-0.48732396960258484	0.41126978397369385	0.7703067660331726	0.4952327609062195	0.8567250967025757	-0.1441066712141037	-0.7192078232765198	0.31125447154045105	-0.6211768984794617
0.8643851280212402	-2.307938575744629	-0.37986496090888977	0.22468088567256927	0.49153533577919006	1.0	58	0.0	0	0.0	0	-0.48732396960258484	0.41126978397369385	0.7703067660331726	0.4952327609062195	0.8567250967025757	-0.1441066563129425	-0.7192078232765198	0.31125450134277344	-0.6211769580841064
0.6059770584106445	-4.270792484283447	0.1426744908094406	0.3906218409538269	0.8698959350585938	0.5	60	0.5	59	0.0	0	-0.9967157244682312	-0.07530947774648666	0.029772551730275154	-0.07327590137720108	0.9952346682548523	0.06433301419019699	-0.03447555750608444	0.06194010376930237	-0.9974843263626099
0.6060457825660706	-4.3845109939575195	-0.1426750123500824	0.3746054768562317	0.8980105519294739	1.0	60	0.0	0	0.0	0	-0.9967157244682312	-0.07530947774648666	0.029772551730275154	-0.07327590137720108	0.9952346086502075	0.0643330067396164	-0.034475553780794144	0.06194009631872177	-0.9974842667579651
0.6149212121963501	-4.38563346862793	0.15161441266536713	0.3787579834461212	0.8682410717010498	1.0	60	0.0	0	0.0	0	-0.9967157244682312	-0.07530947774648666	0.029772551730275154	-0.07327590137720108	0.9952345490455627	0.0643330067396164	-0.034475553780794144	0.06194009631872177	-0.9974842071533203
0.6583935022354126	-2.67380428314209	-0.31484559178352356	0.5469226241111755	0.12786360085010529	0.5	59	0.5	58	0.0	0	-0.4404687285423279	0.110508993268013	0.8909405469894409	-0.03769708797335625	0.98924320936203	-0.1413390189409256	-0.896976113319397	-0.09584127366542816	-0.4315648376941681
0.31721076369285583	-4.27096700668335	-0.2854154407978058	0.38140931725502014	0.17488646507263184	0.5	60	0.5	59	0.0	0	-0.4404687285423279	0.110508993268013	0.8909405469894409	-0.037697091698646545	0.9892432689666748	-0.1413390189409256	-0.8969761729240417	-0.09584128856658936	-0.4315648674964905
0.6059770584106445	-4.270792484283447	-0.1426750123500824	0.3781556189060211	0.14111188054084778	0.5	60	0.5	59	0.0	0	-0.4404687285423279	0.110508993268013	0.8909405469894409	-0.03769708424806595	0.98924320936203	-0.1413390189409256	-0.896976113319397	-0.09584127366542816	-0.4315648376941681
0.6567041873931885	-2.6728479862213135	0.31657442450523376	0.5347369909286499	0.06247745826840401	0.5	59	0.5	58	0.0	0	-0.5127438306808472	0.12548355758190155	-0.8493218421936035	0.2863549590110779	0.9576091766357422	-0.03139273449778557	0.8093791007995605	-0.2593039572238922	-0.5269410610198975
0.3172107934951782	-4.27096700668335	0.28541484475135803	0.3633953630924225	0.07891407608985901	0.5	60	0.5	59	0.0	0	-0.5127438306808472	0.12548355758190155	-0.8493218421936035	0.2863549590110779	0.9576091766357422	-0.03139273822307587	0.8093791007995605	-0.2593039572238922	-0.5269410610198975
0.13972407579421997	-2.6591756343841553	0.6307003498077393	0.5194833874702454	0.0005917905946262181	0.5	59	0.5	58	0.0	0	-0.5127438306808472	0.12548355758190155	-0.8493218421936035	0.2863549590110779	0.9576091170310974	-0.03139273822307587	0.8093791604042053	-0.2593039870262146	-0.5269410610198975
0.6583935022354126	-2.67380428314209	-0.31484559178352356	0.5469226241111755	0.12786360085010529	0.5	59	0.5	58	0.0	0	-0.9994834065437317	0.03202512860298157	-0.00272254622541368	0.031977131962776184	0.9822911024093628	-0.18461261689662933	-0.003237909870222211	-0.18460428714752197	-0.9828075766563416
0.6059770584106445	-4.270792484283447	0.1426744908094406	0.37260663509368896	0.1115708127617836	0.5	60	0.5	59	0.0	0	-0.9994834065437317	0.03202512860298157	-0.00272254622541368	0.031977131962776184	0.982291042804718	-0.18461261689662933	-0.0032379101030528545	-0.18460430204868317	-0.9828076362609863
0.6567041873931885	-2.6728479862213135	0.31657442450523376	0.5347369909286499	0.06247745826840401	0.5	59	0.5	58	0.0	0	-0.9994834065437317	0.03202512860298157	-0.00272254622541368	0.031977131962776184	0.982291042804718	-0.18461263179779053	-0.003237910568714142	-0.18460431694984436	-0.9828076362609863
0.8135747909545898	1.620314359664917	0.39185428619384766	0.5972053408622742	0.7034417390823364	0.5	3	0.5	1	0.0	0	-0.4206511974334717	-0.4564487338066101	-0.7840326428413391	-0.858781099319458	-0.07827819883823395	0.5063275098800659	-0.29248517751693726	0.8862996101379395	-0.35906171798706055
0.0	1.8780245780944824	0.6783215999603271	0.6839558482170105	0.7417324185371399	0.3333333333333333	26	0.3333333333333333	2	0.3333333333333333	1	-0.4206511974334717	-0.4564487338066101	-0.7840326428413391	-0.8587811589241028	-0.07827822118997574	0.5063275098800659	-0.29248520731925964	0.8862996101379395	-0.35906168818473816
0.7176988124847412	1.8660738468170166	0.3002174496650696	0.5989644527435303	0.732805609703064	0.3333333333333333	3	0.3333333333333333	2	0.3333333333333333	1	-0.4206511974334717	-0.4564487338066101	-0.7840326428413391	-0.8587811589241028	-0.07827818393707275	0.5063275098800659	-0.29248517751693726	0.8862996101379395	-0.35906171798706055
0.8111446499824524	1.0527797937393188	-0.1378488689661026	0.7236750721931458	0.6058903932571411	0.5	1	0.5	0	0.0	0	-0.9998615384101868	0.013443037867546082	-0.009816035628318787	-0.011828683316707611	-0.15892712771892548	0.987219512462616	0.01171119324862957	0.9871988296508789	0.15906411409378052
0.8135747909545898	1.620314359664917	0.39185428619384766	0.7692550420761108	0.6737855672836304	0.5	3	0.5	1	0.0	0	-0.9998615384101868	0.013443037867546082	-0.009816035628318787	-0.011828682385385036	-0.15892711281776428	0.9872194528579712	0.011711192317306995	0.9871987700462341	0.15906409919261932
0.8204442262649536	1.6280566453933716	-0.29726341366767883	0.6974552869796753	0.6630527973175049	0.5	3	0.5	1	0.0	0	-0.9998615384101868	0.013443037867546082	-0.009816035628318787	-0.011828682385385036	-0.15892711281776428	0.9872194528579712	0.011711192317306995	0.9871987700462341	0.15906409919261932
0.0	1.0009654760360718	0.6941062808036804	0.6914258003234863	0.6423124074935913	0.5	1	0.5	0	0.0	0	-0.4639343023300171	0.18682801723480225	-0.8659447431564331	-0.8850647211074829	-0.05609266087412834	0.4620759189128876	0.037755582481622696	0.9807898998260498	0.1913781762123108
0.8135747909545898	1.620314359664917	0.39185428619384766	0.5972053408622742	0.7034417390823364	0.5	3	0.5	1	0.0	0	-0.4639343023300171	0.18682801723480225	-0.8659447431564331	-0.8850646615028381	-0.05609266087412834	0.4620758891105652	0.0377555750310421	0.9807899594306946	0.1913781762123108
0.7904908657073975	1.0206581354141235	0.2748454809188843	0.5972053408622742	0.6390388011932373	0.5	1	0.5	0	0.0	0	-0.4639343023300171	0.18682801723480225	-0.8659447431564331	-0.8850646615028381	-0.05609266832470894	0.4620758891105652	0.0377555713057518	0.9807899594306946	0.19137819111347198
0.0	0.9896685481071472	-0.5747653841972351	0.17211180925369263	0.7025752067565918	0.5	1	0.5	0	0.0	0	-0.3783820867538452	0.08564335107803345	0.9216789603233337	0.9254865050315857	0.016319088637828827	0.3784288465976715	0.017368951812386513	0.9961921572685242	-0.0854366198182106
0.8204442262649536	1.6280566453933716	-0.29726341366767883	0.2642541825771332	0.7685684561729431	0.5	3	0.5	1	0.0	0	-0.3783820867538452	0.08564335107803345	0.9216789603233337	0.9254865050315857	0.016319088637828827	0.3784288465976715	0.017368951812386513	0.9961921572685242	-0.0854366198182106
-0.003508848138153553	1.5936113595962524	-0.6323248744010925	0.17051343619823456	0.7664618492126465	1.0	1	0.0	0	0.0	0	-0.3783820867538452	0.08564335107803345	0.9216789603233337	0.9254865646362305	0.016319088637828827	0.3784288763999939	0.01736895553767681	0.996192216873169	-0.0854366272687912
-0.002252087462693453	1.8381664752960205	-0.6091181039810181	0.16877636313438416	0.32436472177505493	0.3333333333333333	26	0.3333333333333333	2	0.3333333333333333	1	0.999984622001648	-0.0053146760910749435	-0.001584711018949747	-0.0011916719377040863	0.07315776497125626	-0.9973196983337402	0.005416364409029484	0.9973061680793762	0.07315029948949814
0.0	1.9953726530075073	0.28476908802986145	0.07608088105916977	0.3477686941623688	0.3333333333333333	50	0.3333333333333333	26	0.3333333333333333	2	0.999984622001648	-0.0053146760910749435	-0.001584711018949747	-0.0011916719377040863	0.07315776497125626	-0.9973196387290955	0.005416364874690771	0.997306227684021	0.07315030694007874
0.0	1.8780245780944824	0.6783215999603271	0.033832211047410965	0.33847343921661377	0.3333333333333333	26	0.3333333333333333	2	0.3333333333333333	1	0.999984622001648	-0.0053146760910749435	-0.001584711018949747	-0.0011916719377040863	0.07315777242183685	-0.9973196983337402	0.005416364874690771	0.9973062872886658	0.07315031439065933
0.8204442262649536	1.6280566453933716	-0.29726341366767883	0.41314923763275146	0.755791187286377	0.5	3	0.5	1	0.0	0	-0.21739880740642548	-0.3211323618888855	0.9217438697814941	0.4787972569465637	0.7878272533416748	0.3874034583568573	-0.8505827188491821	0.5255494713783264	-0.01751542091369629
0.9488299489021301	1.7467108964920044	-0.22564414143562317	0.43313923478126526	0.7505970001220703	1.0	3	0.0	0	0.0	0	-0.21739880740642548	-0.3211323618888855	0.9217438697814941	0.47879722714424133	0.7878272533416748	0.3874034583568573	-0.8505827188491821	0.5255494713783264	-0.01751542091369629
0.752615213394165	1.81259286403656	-0.24896951019763947	0.4289757013320923	0.7724035382270813	0.3333333333333333	3	0.3333333333333333	2	0.3333333333333333	1	-0.21739880740642548	-0.3211323618888855	0.9217438697814941	0.4787973165512085	0.7878273129463196	0.3874035179615021	-0.8505827784538269	0.5255495309829712	-0.017515407875180244
-0.003508848138153553	1.5936113595962524	-0.6323248744010925	0.16932989656925201	0.29849398136138916	1.0	1	0.0	0	0.0	0	0.9999957084655762	-0.0018408889882266521	-0.0022776999976485968	-0.002136919181793928	0.07316078990697861	-0.997317910194397	0.0020025898702442646	0.9973185062408447	0.07315654307603836
0.0	1.8780245780944824	0.6783215999603271	0.033832211047410965	0.33847343921661377	0.3333333333333333	26	0.3333333333333333	2	0.3333333333333333	1	0.9999957084655762	-0.0018408889882266521	-0.0022776999976485968	-0.002136919181793928	0.0731607973575592	-0.997317910194397	0.0020025898702442646	0.9973185062408447	0.07315655052661896
0.0	1.6406067609786987	0.8702080845832825	0.011844098567962646	0.3150103986263275	1.0	1	0.0	0	0.0	0	0.9999957084655762	-0.0018408889882266521	-0.0022776999976485968	-0.002136919181793928	0.0731608048081398	-0.997317910194397	0.0020025898702442646	0.9973185062408447	0.07315655797719955
-0.003508848138153553	1.5936113595962524	-0.6323248744010925	0.17051343619823456	0.7664618492126465	1.0	1	0.0	0	0.0	0	-0.43140709400177	-0.08302895724773407	0.8983284831047058	0.9013681411743164	0.001972384052351117	0.43304914236068726	-0.037727467715740204	0.9965451955795288	0.07398875802755356
0.752615213394165	1.81259286403656	-0.24896951019763947	0.259837806224823	0.7894317507743835	0.3333333333333333	3	0.3333333333333333	2	0.3333333333333333	1	-0.43140709400177	-0.08302895724773407	0.8983284831047058	0.9013682007789612	0.001972384052351117	0.43304917216300964	-0.037727467715740204	0.996545135974884	0.07398875057697296
-0.002252087462693453	1.8381664752960205	-0.6091181039810181	0.17174217104911804	0.7923092842102051	0.3333333333333333	26	0.3333333333333333	2	0.3333333333333333	1	-0.43140709400177	-0.08302895724773407	0.8983284831047058	0.9013681411743164	0.001972384285181761	0.43304914236068726	-0.037727467715740204	0.9965451955795288	0.07398875802755356
0.8347785472869873	1.5346182584762573	0.23398956656455994	0.17489781975746155	0.9202906489372253	1.0	3	0.0	0	0.0	0	0.9273435473442078	0.3742109537124634	0.0	0.0	0.0	-1.0	-0.3742109537124634	0.9273435473442078	0.0
0.868274450302124	1.451611042022705	-0.27561208605766296	0.22857750952243805	0.9108619093894958	0.5	4	0.5	3	0.0	0	0.9273435473442078	0.3742109537124634	0.0	0.0	0.0	-1.0	-0.3742109537124634	0.9273435473442078	0.0
0.8347785472869873	1.5346182584762573	-0.23398959636688232	0.22419314086437225	0.9202906489372253	1.0	3	0.0	0	0.0	0	0.9273435473442078	0.3742109537124634	0.0	0.0	0.0	-1.0	-0.3742109537124634	0.9273435473442078	0.0
0.8204442262649536	1.6280566453933716	-0.29726341366767883	0.6974552869796753	0.6630527973175049	0.5	3	0.5	1	0.0	0	0.9884365797042847	0.15163539350032806	0.0	-0.021037712693214417	0.13713450729846954	0.9903290867805481	0.15016892552375793	-0.9788773655891418	0.13873879611492157
0.8347785472869873	1.5346182584762573	0.23398956656455994	0.751492977142334	0.6806779503822327	1.0	3	0.0	0	0.0	0	0.9884365797042847	0.15163539350032806	0.0	-0.021037710830569267	0.13713449239730835	0.9903290867805481	0.15016892552375793	-0.9788773655891418	0.13873878121376038
0.8347785472869873	1.5346182584762573	-0.23398959636688232	0.702674388885498	0.6738387942314148	1.0	3	0.0	0	0.0	0	0.9884365797042847	0.15163539350032806	0.0	-0.021037710830569267	0.13713449239730835	0.9903290271759033	0.15016892552375793	-0.9788774251937866	0.13873879611492157
0.8135747909545898	1.620314359664917	0.39185428619384766	0.5093648433685303	0.7537515163421631	0.5	3	0.5	1	0.0	0	-0.8809588551521301	0.3560890555381775	-0.3116281032562256	-0.4726327061653137	-0.694193422794342	0.5428755283355713	-0.02301815152168274	0.6255366802215576	0.7798551321029663
0.9341826438903809	1.7861850261688232	0.24043715000152588	0.4817226231098175	0.7519164681434631	1.0	3	0.0	0	0.0	0	-0.8809588551521301	0.3560890555381775	-0.3116281032562256	-0.4726327061653137	-0.6941934823989868	0.5428755283355713	-0.023018166422843933	0.6255366802215576	0.7798551917076111
0.8347785472869873	1.5346182584762573	0.23398956656455994	0.5055834650993347	0.7347366809844971	1.0	3	0.0	0	0.0	0	-0.8809588551521301	0.3560890555381775	-0.3116281032562256	-0.4726327061653137	-0.694193422794342	0.5428754687309265	-0.023018168285489082	0.6255366206169128	0.7798552513122559
0.752615213394165	1.81259286403656	-0.24896951019763947	0.4289757013320923	0.7724035382270813	0.3333333333333333	3	0.3333333333333333	2	0.3333333333333333	1	-0.32805222272872925	-0.9419969320297241	0.07087662816047668	0.004753873683512211	0.07338157296180725	0.9972926378250122	-0.9446476697921753	0.32750099897384644	-0.01959485374391079
0.9341826438903809	1.7861850261688232	0.24043715000152588	0.4817226231098175	0.7519164681434631	1.0	3	0.0	0	0.0	0	-0.32805222272872925	-0.9419969320297241	0.07087662816047668	0.00475387554615736	0.07338157296180725	0.9972925782203674	-0.9446476101875305	0.32750099897384644	-0.01959485188126564
0.7176988124847412	1.8660738468170166	0.3002174496650696	0.489193856716156	0.7766938209533691	0.3333333333333333	3	0.3333333333333333	2	0.3333333333333333	1	-0.32805222272872925	-0.9419969320297241	0.07087662816047668	0.004753873683512211	0.07338157296180725	0.9972925782203674	-0.9446476101875305	0.32750099897384644	-0.01959485374391079
0.868274450302124	1.451611042022705	-0.27561208605766296	0.40360796451568604	0.7331079244613647	0.5	4	0.5	3	0.0	0	-0.03404407948255539	0.034096233546733856	0.9988386034965515	0.7477481961250305	0.6639763712882996	0.0028205804992467165	-0.6631090641021729	0.7469757795333862	-0.048099860548973083
1.3729904890060425	0.39476603269577026	-0.2223331779241562	0.41058772802352905	0.606560468673706	1.0	4	0.0	0	0.0	0	-0.03404407948255539	0.034096233546733856	0.9988386034965515	0.7477482557296753	0.6639764308929443	0.0028205804992467165	-0.6631090641021729	0.7469757795333862	-0.048099856823682785
1.075825810432434	1.6588448286056519	-0.27561208605766296	0.43179064989089966	0.7350363731384277	0.5	4	0.5	3	0.0	0	-0.03404407948255539	0.034096233546733856	0.9988386034965515	0.7477482557296753	0.6639764308929443	0.0028205804992467165	-0.6631090641021729	0.7469757795333862	-0.048099856823682785
0.8347785472869873	1.5346182584762573	-0.23398959636688232	0.4072379469871521	0.7444410920143127	1.0	3	0.0	0	0.0	0	0.25396233797073364	-0.1740037053823471	0.9514336585998535	0.6788634657859802	0.7327460646629333	-0.04719742015004158	-0.6889467239379883	0.6578798890113831	0.3042146563529968
1.075825810432434	1.6588448286056519	-0.27561208605766296	0.43179064989089966	0.7350363731384277	0.5	4	0.5	3	0.0	0	0.25396233797073364	-0.1740037053823471	0.9514336585998535	0.6788634657859802	0.7327460646629333	-0.04719742015004158	-0.6889467239379883	0.6578798890113831	0.3042146563529968
0.9488299489021301	1.7467108964920044	-0.22564414143562317	0.43313923478126526	0.7505970001220703	1.0	3	0.0	0	0.0	0	0.25396233797073364	-0.1740037053823471	0.9514336585998535	0.6788634657859802	0.7327460646629333	-0.04719742015004158	-0.6889467239379883	0.6578798890113831	0.3042146563529968
0.9488299489021301	1.7467108964920044	-0.22564414143562317	0.43313923478126526	0.7505970001220703	1.0	3	0.0	0	0.0	0	-0.6736472249031067	-0.7378968000411987	0.04132482036948204	-0.00879751332104206	0.0639183297753334	0.9979163408279419	-0.739000678062439	0.6718800067901611	-0.04955006018280983
1.075825810432434	1.6588448286056519	0.27561208605766296	0.4796530604362488	0.734143078327179	0.5	4	0.5	3	0.0	0	-0.6736472249031067	-0.7378968000411987	0.04132482036948204	-0.00879751332104206	0.0639183297753334	0.9979163408279419	-0.739000678062439	0.6718800067901611	-0.04955005645751953
0.9341826438903809	1.7861850261688232	0.24043715000152588	0.4817226231098175	0.7519164681434631	1.0	3	0.0	0	0.0	0	-0.6736472249031067	-0.7378968000411987	0.04132482036948204	-0.008797511458396912	0.063918337225914	0.9979164004325867	-0.739000678062439	0.6718800067901611	-0.04955006018280983
0.8347785472869873	1.5346182584762573	0.23398956656455994	0.5055834650993347	0.7347366809844971	1.0	3	0.0	0	0.0	0	0.31854861974716187	-0.31903672218322754	-0.8926043510437012	-0.8717212677001953	-0.4684717357158661	-0.14365370571613312	-0.37232905626296997	0.8238627910614014	-0.42734208703041077
1.075825810432434	1.6588448286056519	0.27561208605766296	0.4796530604362488	0.734143078327179	0.5	4	0.5	3	0.0	0	0.31854861974716187	-0.31903672218322754	-0.8926043510437012	-0.8717212080955505	-0.4684716761112213	-0.1436537206172943	-0.3723290264606476	0.8238628506660461	-0.42734208703041077
0.8682745099067688	1.451611042022705	0.27561208605766296	0.5056261420249939	0.7234548926353455	0.5	4	0.5	3	0.0	0	0.31854861974716187	-0.31903672218322754	-0.8926043510437012	-0.8717212080955505	-0.4684717059135437	-0.14365370571613312	-0.3723290264606476	0.8238628506660461	-0.42734211683273315
0.987196147441864	0.3437473177909851	0.22233305871486664	0.8992205262184143	0.0005917672533541918	1.0	4	0.0	0	0.0	0	-0.04515238106250763	0.2806908190250397	-0.9587355852127075	0.517295777797699	0.8275929689407349	0.2179335057735443	0.854614794254303	-0.4861096441745758	-0.18256796896457672
1.352117896080017	0.15132546424865723	0.14881108701229095	0.9006428122520447	0.04470972344279289	1.0	5	0.0	0	0.0	0	-0.04515238106250763	0.2806908190250397	-0.9587355852127075	0.517295777797699	0.8275929689407349	0.2179335057735443	0.854614794254303	-0.4861096441745758	-0.18256796896457672
1.0017831325531006	0.09497004747390747	0.14881108701229095	0.8766402006149292	0.01605750061571598	1.0	5	0.0	0	0.0	0	-0.04515238106250763	0.2806908190250397	-0.9587355852127075	0.517295777797699	0.8275930285453796	0.2179335206747055	0.8546148538589478	-0.4861096441745758	-0.18256796896457672
1.075825810432434	1.6588448286056519	-0.27561208605766296	0.43179064989089966	0.7350363731384277	0.5	4	0.5	3	0.0	0	-0.9734627604484558	-0.22884587943553925	0.0	-0.003563348203897476	0.01515774242579937	0.9998787641525269	-0.2288181334733963	0.9733447432518005	-0.015570955350995064
1.3729909658432007	0.3947659134864807	0.22233305871486664	0.46604758501052856	0.5990988612174988	1.0	4	0.0	0	0.0	0	-0.9734627604484558	-0.22884587943553925	0.0	-0.003563348203897476	0.01515774242579937	0.9998787641525269	-0.2288181334733963	0.9733447432518005	-0.015570955350995064
1.075825810432434	1.6588448286056519	0.27561208605766296	0.4796530604362488	0.734143078327179	0.5	4	0.5	3	0.0	0	-0.9734627604484558	-0.22884587943553925	0.0	-0.00356334843672812	0.015157743357121944	0.9998787641525269	-0.2288181334733963	0.9733447432518005	-0.015570956282317638
0.8682745099067688	1.451611042022705	0.27561208605766296	0.5056261420249939	0.7234548926353455	0.5	4	0.5	3	0.0	0	-0.006263602524995804	0.047364406287670135	-0.9988580346107483	-0.9906207919120789	-0.13663926720619202	-0.0002672879199963063	-0.136495903134346	0.989487886428833	0.04777602106332779
1.3729909658432007	0.3947659134864807	0.22233305871486664	0.46604758501052856	0.5990988612174988	1.0	4	0.0	0	0.0	0	-0.006263602524995804	0.047364406287670135	-0.9988580346107483	-0.9906208515167236	-0.1366392821073532	-0.00026728841476142406	-0.1364959180355072	0.9894879460334778	0.04777602478861809
0.987196147441864	0.3437473177909851	0.22233305871486664	0.5093648433685303	0.5993412137031555	1.0	4	0.0	0	0.0	0	-0.006263602524995804	0.047364406287670135	-0.9988580346107483	-0.9906209111213684	-0.1366392970085144	-0.00026728890952654183	-0.1364959180355072	0.989487886428833	0.04777602106332779
0.8682745099067688	1.451611042022705	0.27561208605766296	0.17051343619823456	0.9108619093894958	0.5	4	0.5	3	0.0	0	0.9942880868911743	0.10672995448112488	-9.704602632609749e-08	-9.772346487579853e-08	1.1172209823939738e-09	-1.0	-0.10672995448112488	0.9942880868911743	1.1540860711534151e-08
0.9871959686279297	0.3437473773956299	-0.2223331779241562	0.222965270280838	0.7934929132461548	1.0	4	0.0	0	0.0	0	0.9942880868911743	0.10672995448112488	-9.704602632609749e-08	-9.772346487579853e-08	1.1172209823939738e-09	-1.0	-0.10672995448112488	0.9942880868911743	1.1540860711534151e-08
0.868274450302124	1.451611042022705	-0.27561208605766296	0.22857750952243805	0.9108619093894958	0.5	4	0.5	3	0.0	0	0.9942880868911743	0.10672995448112488	-9.704602632609749e-08	-9.772347198122588e-08	1.117221981594696e-09	-1.0	-0.10672994703054428	0.9942880272865295	1.1540860711534151e-08
1.001783013343811	0.09497010707855225	-0.1488112062215805	0.8580465316772461	0.15366052091121674	1.0	5	0.0	0	0.0	0	0.008790683932602406	-0.05464744567871094	0.9984670877456665	-0.1536712497472763	0.9865707159042358	0.05534929037094116	-0.9880829453468323	-0.1539222151041031	0.0002748901315499097
1.4000582695007324	-0.6432271003723145	-0.1927202194929123	0.7746286392211914	0.12417510896921158	1.0	5	0.0	0	0.0	0	0.008790683932602406	-0.05464744567871094	0.9984670877456665	-0.1536712497472763	0.9865706562995911	0.055349286645650864	-0.988083004951477	-0.15392223000526428	0.0002748892002273351
1.3521177768707275	0.15132558345794678	-0.1488112062215805	0.8582321405410767	0.11628349125385284	1.0	5	0.0	0	0.0	0	0.008790683932602406	-0.05464744567871094	0.9984670877456665	-0.1536712348461151	0.9865706562995911	0.055349286645650864	-0.988083004951477	-0.1539222151041031	0.0002748901315499097
0.987196147441864	0.3437473177909851	0.22233305871486664	0.8950457572937012	0.15767903625965118	1.0	4	0.0	0	0.0	0	0.9982854127883911	0.058534301817417145	-3.9290867448471545e-07	-0.05001412332057953	0.8529727458953857	-0.5195538401603699	-0.030411386862397194	0.5186630487442017	0.8544377684593201
1.001783013343811	0.09497010707855225	-0.1488112062215805	0.8929284811019897	0.11063627153635025	1.0	5	0.0	0	0.0	0	0.9982854127883911	0.058534301817417145	-3.9290867448471545e-07	-0.05001411959528923	0.852972686290741	-0.5195537805557251	-0.030411383137106895	0.5186629891395569	0.8544377088546753
0.9871959686279297	0.3437473773956299	-0.2223331779241562	0.9193814992904663	0.11765750497579575	1.0	4	0.0	0	0.0	0	0.9982854127883911	0.058534301817417145	-3.9290867448471545e-07	-0.05001411959528923	0.852972686290741	-0.5195537805557251	-0.030411383137106895	0.5186629891395569	0.8544377088546753
0.9871959686279297	0.3437473773956299	-0.2223331779241562	0.9193814992904663	0.11765750497579575	1.0	4	0.0	0	0.0	0	-0.038605861365795135	0.29193100333213806	0.9556599259376526	0.20214365422725677	0.9388812184333801	-0.2786395251750946	-0.9785946607589722	0.18242347240447998	-0.09525831788778305
1.3521177768707275	0.15132558345794678	-0.1488112062215805	0.905963659286499	0.07560541480779648	1.0	5	0.0	0	0.0	0	-0.038605861365795135	0.29193100333213806	0.9556599259376526	0.20214366912841797	0.9388812184333801	-0.2786395251750946	-0.9785946607589722	0.18242348730564117	-0.09525832533836365
1.3729904890060425	0.39476603269577026	-0.2223331779241562	0.9326419234275818	0.07886946946382523	1.0	4	0.0	0	0.0	0	-0.038605861365795135	0.29193100333213806	0.9556599259376526	0.20214365422725677	0.9388812184333801	-0.2786395251750946	-0.9785946607589722	0.18242347240447998	-0.09525831788778305
